cod_jur,Año,Población
2,2010,3028481
2,2011,3033639
2,2012,3038860
2,2013,3044076
2,2014,3049229
2,2015,3054267
2,2016,3059122
2,2017,3063728
2,2018,3068043
2,2019,3072029
2,2020,3075646
2,2021,3078836
2,2022,3081550
2,2023,3083770
2,2024,3085483
2,2025,3086680
2,2026,3087338
2,2027,3087434
2,2028,3086973
2,2029,3085971
2,2030,3084450
2,2031,3082415
2,2032,3079869
2,2033,3076845
2,2034,3073375
2,2035,3069488
2,2036,3065183
2,2037,3060454
2,2038,3055302
2,2039,3049723
2,2040,3043704
6,2010,15716942
6,2011,15909607
6,2012,16100618
6,2013,16289599
6,2014,16476149
6,2015,16659931
6,2016,16841135
6,2017,17020012
6,2018,17196396
6,2019,17370144
6,2020,17541141
6,2021,17709598
6,2022,17875743
6,2023,18039509
6,2024,18200851
6,2025,18359753
6,2026,18516459
6,2027,18671214
6,2028,18824007
6,2029,18974810
6,2030,19123592
6,2031,19270454
6,2032,19415494
6,2033,19558673
6,2034,19699931
6,2035,19839191
6,2036,19976410
6,2037,20111548
6,2038,20244529
6,2039,20375264
6,2040,20503653
10,2010,377676
10,2011,381548
10,2012,385408
10,2013,389256
10,2014,393088
10,2015,396895
10,2016,400678
10,2017,404433
10,2018,408152
10,2019,411824
10,2020,415438
10,2021,418991
10,2022,422476
10,2023,425885
10,2024,429208
10,2025,432438
10,2026,435572
10,2027,438610
10,2028,441548
10,2029,444382
10,2030,447107
10,2031,449719
10,2032,452217
10,2033,454596
10,2034,456854
10,2035,458989
10,2036,460999
10,2037,462883
10,2038,464640
10,2039,466275
10,2040,467787
14,2010,3373025
14,2011,3411773
14,2012,3450673
14,2013,3489669
14,2014,3528687
14,2015,3567654
14,2016,3606540
14,2017,3645321
14,2018,3683937
14,2019,3722332
14,2020,3760450
14,2021,3798261
14,2022,3835738
14,2023,3872830
14,2024,3909489
14,2025,3945677
14,2026,3981393
14,2027,4016659
14,2028,4051461
14,2029,4085783
14,2030,4119615
14,2031,4152951
14,2032,4185790
14,2033,4218137
14,2034,4250000
14,2035,4281389
14,2036,4312310
14,2037,4342769
14,2038,4372781
14,2039,4402358
14,2040,4431509
18,2010,1017731
18,2011,1028248
18,2012,1038786
18,2013,1049325
18,2014,1059836
18,2015,1070283
18,2016,1080655
18,2017,1090938
18,2018,1101084
18,2019,1111052
18,2020,1120801
18,2021,1130320
18,2022,1139604
18,2023,1148631
18,2024,1157386
18,2025,1165860
18,2026,1174065
18,2027,1182008
18,2028,1189680
18,2029,1197076
18,2030,1204189
18,2031,1211027
18,2032,1217593
18,2033,1223885
18,2034,1229901
18,2035,1235644
18,2036,1241119
18,2037,1246340
18,2038,1251313
18,2039,1256046
18,2040,1260548
22,2010,1080017
22,2011,1092625
22,2012,1105280
22,2013,1117953
22,2014,1130608
22,2015,1143201
22,2016,1155723
22,2017,1168165
22,2018,1180477
22,2019,1192616
22,2020,1204541
22,2021,1216247
22,2022,1227736
22,2023,1238989
22,2024,1249992
22,2025,1260737
22,2026,1271241
22,2027,1281525
22,2028,1291581
22,2029,1301397
22,2030,1310964
22,2031,1320278
22,2032,1329337
22,2033,1338130
22,2034,1346652
22,2035,1354895
22,2036,1362863
22,2037,1370566
22,2038,1378007
22,2039,1385188
22,2040,1392114
26,2010,513433
26,2011,524201
26,2012,534945
26,2013,545656
26,2014,556319
26,2015,566922
26,2016,577466
26,2017,587956
26,2018,598380
26,2019,608729
26,2020,618994
26,2021,629181
26,2022,639294
26,2023,649330
26,2024,659284
26,2025,669155
26,2026,678951
26,2027,688682
26,2028,698351
26,2029,707956
26,2030,717495
26,2031,726971
26,2032,736386
26,2033,745737
26,2034,755021
26,2035,764230
26,2036,773367
26,2037,782427
26,2038,791405
26,2039,800299
26,2040,809102
30,2010,1255574
30,2011,1268744
30,2012,1281931
30,2013,1295121
30,2014,1308290
30,2015,1321415
30,2016,1334489
30,2017,1347508
30,2018,1360443
30,2019,1373270
30,2020,1385961
30,2021,1398510
30,2022,1410908
30,2023,1423136
30,2024,1435177
30,2025,1447019
30,2026,1458661
30,2027,1470109
30,2028,1481358
30,2029,1492399
30,2030,1503222
30,2031,1513825
30,2032,1524206
30,2033,1534359
30,2034,1544281
30,2035,1553972
30,2036,1563429
30,2037,1572653
30,2038,1581648
30,2039,1590415
30,2040,1598960
34,2010,551626
34,2011,557223
34,2012,562794
34,2013,568331
34,2014,573823
34,2015,579250
34,2016,584614
34,2017,589916
34,2018,595129
34,2019,600229
34,2020,605193
34,2021,610019
34,2022,614706
34,2023,619240
34,2024,623605
34,2025,627790
34,2026,631801
34,2027,635646
34,2028,639319
34,2029,642812
34,2030,646119
34,2031,649242
34,2032,652185
34,2033,654940
34,2034,657503
34,2035,659871
34,2036,662045
34,2037,664031
34,2038,665827
34,2039,667437
34,2040,668865
38,2010,683513
38,2011,692379
38,2012,701252
38,2013,710121
38,2014,718971
38,2015,727780
38,2016,736542
38,2017,745252
38,2018,753891
38,2019,762440
38,2020,770881
38,2021,779212
38,2022,787436
38,2023,795539
38,2024,803507
38,2025,811328
38,2026,819006
38,2027,826541
38,2028,833925
38,2029,841151
38,2030,848213
38,2031,855109
38,2032,861838
38,2033,868393
38,2034,874769
38,2035,880965
38,2036,886977
38,2037,892807
38,2038,898453
38,2039,903916
38,2040,909196
42,2010,327028
42,2011,330268
42,2012,333496
42,2013,336706
42,2014,339895
42,2015,343056
42,2016,346191
42,2017,349299
42,2018,352378
42,2019,355422
42,2020,358428
42,2021,361394
42,2022,364322
42,2023,367207
42,2024,370047
42,2025,372838
42,2026,375579
42,2027,378272
42,2028,380911
42,2029,383495
42,2030,386024
42,2031,388496
42,2032,390910
42,2033,393265
42,2034,395561
42,2035,397800
42,2036,399980
42,2037,402103
42,2038,404168
42,2039,406177
42,2040,408128
46,2010,342582
46,2011,347494
46,2012,352476
46,2013,357516
46,2014,362605
46,2015,367728
46,2016,372879
46,2017,378047
46,2018,383220
46,2019,388386
46,2020,393531
46,2021,398648
46,2022,403727
46,2023,408760
46,2024,413735
46,2025,418645
46,2026,423488
46,2027,428256
46,2028,432944
46,2029,437549
46,2030,442067
46,2031,446498
46,2032,450839
46,2033,455091
46,2034,459255
46,2035,463331
46,2036,467323
46,2037,471232
46,2038,475062
46,2039,478816
46,2040,482498
50,2010,1774737
50,2011,1797235
50,2012,1819608
50,2013,1841813
50,2014,1863809
50,2015,1885551
50,2016,1907045
50,2017,1928304
50,2018,1949293
50,2019,1969982
50,2020,1990338
50,2021,2010363
50,2022,2030061
50,2023,2049411
50,2024,2068396
50,2025,2087006
50,2026,2105259
50,2027,2123178
50,2028,2140766
50,2029,2158023
50,2030,2174953
50,2031,2191575
50,2032,2207912
50,2033,2223969
50,2034,2239753
50,2035,2255267
50,2036,2270521
50,2037,2285519
50,2038,2300262
50,2039,2314745
50,2040,2328963
54,2010,1113279
54,2011,1128798
54,2012,1144189
54,2013,1159445
54,2014,1174542
54,2015,1189446
54,2016,1204182
54,2017,1218771
54,2018,1233177
54,2019,1247362
54,2020,1261294
54,2021,1274992
54,2022,1288476
54,2023,1301723
54,2024,1314714
54,2025,1327431
54,2026,1339893
54,2027,1352117
54,2028,1364086
54,2029,1375781
54,2030,1387184
54,2031,1398304
54,2032,1409156
54,2033,1419725
54,2034,1429997
54,2035,1439958
54,2036,1449601
54,2037,1458924
54,2038,1467913
54,2039,1476556
54,2040,1484840
58,2010,571910
58,2011,581720
58,2012,591422
58,2013,601003
58,2014,610449
58,2015,619745
58,2016,628897
58,2017,637913
58,2018,646784
58,2019,655501
58,2020,664057
58,2021,672461
58,2022,680726
58,2023,688850
58,2024,696833
58,2025,704673
58,2026,712383
58,2027,719973
58,2028,727444
58,2029,734793
58,2030,742015
58,2031,749119
58,2032,756107
58,2033,762975
58,2034,769720
58,2035,776338
58,2036,782827
58,2037,789191
58,2038,795423
58,2039,801521
58,2040,807482
62,2010,648277
62,2011,658486
62,2012,668663
62,2013,678797
62,2014,688873
62,2015,698874
62,2016,708799
62,2017,718646
62,2018,728403
62,2019,738060
62,2020,747610
62,2021,757052
62,2022,766387
62,2023,775610
62,2024,784715
62,2025,793697
62,2026,802561
62,2027,811311
62,2028,819946
62,2029,828459
62,2030,836851
62,2031,845121
62,2032,853269
62,2033,861296
62,2034,869196
62,2035,876969
62,2036,884612
62,2037,892125
62,2038,899508
62,2039,906759
62,2040,913879
66,2010,1239111
66,2011,1258111
66,2012,1277062
66,2013,1295944
66,2014,1314726
66,2015,1333365
66,2016,1351878
66,2017,1370283
66,2018,1388532
66,2019,1406584
66,2020,1424397
66,2021,1441988
66,2022,1459378
66,2023,1476539
66,2024,1493448
66,2025,1510087
66,2026,1526480
66,2027,1542650
66,2028,1558584
66,2029,1574262
66,2030,1589668
66,2031,1604807
66,2032,1619690
66,2033,1634300
66,2034,1648618
66,2035,1662631
66,2036,1676343
66,2037,1689758
66,2038,1702871
66,2039,1715673
66,2040,1728163
70,2010,696076
70,2011,704652
70,2012,713240
70,2013,721830
70,2014,730408
70,2015,738959
70,2016,747488
70,2017,755994
70,2018,764464
70,2019,772876
70,2020,781217
70,2021,789489
70,2022,797697
70,2023,805830
70,2024,813878
70,2025,821835
70,2026,829702
70,2027,837479
70,2028,845154
70,2029,852715
70,2030,860152
70,2031,867459
70,2032,874633
70,2033,881664
70,2034,888545
70,2035,895265
70,2036,901827
70,2037,908233
70,2038,914478
70,2039,920560
70,2040,926479
74,2010,443944
74,2011,450434
74,2012,456924
74,2013,463411
74,2014,469889
74,2015,476351
74,2016,482796
74,2017,489225
74,2018,495629
74,2019,502000
74,2020,508328
74,2021,514610
74,2022,520845
74,2023,527023
74,2024,533137
74,2025,539178
74,2026,545144
74,2027,551032
74,2028,556840
74,2029,562560
74,2030,568188
74,2031,573720
74,2032,579154
74,2033,584488
74,2034,589716
74,2035,594835
74,2036,599847
74,2037,604751
74,2038,609547
74,2039,614236
74,2040,618818
78,2010,275452
78,2011,284414
78,2012,293407
78,2013,302420
78,2014,311444
78,2015,320469
78,2016,329499
78,2017,338542
78,2018,347593
78,2019,356647
78,2020,365698
78,2021,374756
78,2022,383827
78,2023,392904
78,2024,401984
78,2025,411065
78,2026,420152
78,2027,429253
78,2028,438368
78,2029,447491
78,2030,456620
78,2031,465759
78,2032,474908
78,2033,484064
78,2034,493221
78,2035,502376
78,2036,511524
78,2037,520663
78,2038,529786
78,2039,538886
78,2040,547960
82,2010,3257907
82,2011,3285408
82,2012,3313212
82,2013,3341228
82,2014,3369365
82,2015,3397532
82,2016,3425656
82,2017,3453674
82,2018,3481514
82,2019,3509113
82,2020,3536418
82,2021,3563390
82,2022,3589999
82,2023,3616227
82,2024,3642063
82,2025,3667505
82,2026,3692543
82,2027,3717160
82,2028,3741348
82,2029,3765111
82,2030,3788453
82,2031,3811368
82,2032,3833857
82,2033,3855933
82,2034,3877606
82,2035,3898888
82,2036,3919780
82,2037,3940283
82,2038,3960409
82,2039,3980166
82,2040,3999563
86,2010,879246
86,2011,888809
86,2012,898484
86,2013,908268
86,2014,918147
86,2015,928097
86,2016,938109
86,2017,948172
86,2018,958251
86,2019,968309
86,2020,978313
86,2021,988245
86,2022,998093
86,2023,1007830
86,2024,1017428
86,2025,1026866
86,2026,1036139
86,2027,1045247
86,2028,1054179
86,2029,1062924
86,2030,1071469
86,2031,1079809
86,2032,1087938
86,2033,1095850
86,2034,1103532
86,2035,1110978
86,2036,1118189
86,2037,1125165
86,2038,1131905
86,2039,1138412
86,2040,1144686
90,2010,1489225
90,2011,1509932
90,2012,1530689
90,2013,1551460
90,2014,1572205
90,2015,1592878
90,2016,1613476
90,2017,1633992
90,2018,1654388
90,2019,1674622
90,2020,1694656
90,2021,1714487
90,2022,1734118
90,2023,1753523
90,2024,1772680
90,2025,1791571
90,2026,1810210
90,2027,1828610
90,2028,1846761
90,2029,1864652
90,2030,1882275
90,2031,1899633
90,2032,1916730
90,2033,1933560
90,2034,1950114
90,2035,1966384
90,2036,1982373
90,2037,1998086
90,2038,2013520
90,2039,2028678
90,2040,2043560
94,2010,131661
94,2011,135742
94,2012,139852
94,2013,143987
94,2014,148143
94,2015,152317
94,2016,156509
94,2017,160720
94,2018,164944
94,2019,169183
94,2020,173432
94,2021,177697
94,2022,181983
94,2023,186285
94,2024,190601
94,2025,194926
94,2026,199248
94,2027,203558
94,2028,207851
94,2029,212126
94,2030,216380
94,2031,220617
94,2032,224843
94,2033,229055
94,2034,233252
94,2035,237433
94,2036,241593
94,2037,245734
94,2038,249853
94,2039,253948
94,2040,258020
